1775287111179 3.2917795048819647 0
1775287111497 3.2550610171424017 1
1775287111810 3.2252375152375965 2
1775287112098 3.2033221854103937 3
1775287112385 3.2220461236106024 4
1775287112728 3.194893717765808 5
1775287113007 3.1895818842781916 6
1775287113337 3.152813341882494 7
1775287113619 3.097112390730116 8
1775287113921 3.0365861654281616 9
1775287114195 2.9429660903082953 10
1775287114468 2.8690866894192166 11
1775287114774 2.7917641931109958 12
1775287115063 2.796025925212436 13
1775287115363 2.634976387023926 14
1775287115653 2.613872210184733 15
1775287115949 2.5506108668115406 16
1775287116251 2.4884647130966187 17
1775287116566 2.444478922420078 18
1775287116859 2.349781592686971 19
1775287117185 2.3005608452690973 20
1775287117493 2.1774423056178622 21
1775287117780 2.152973817454444 22
1775287118090 2.132286707560221 23
1775287118385 2.0108123421669006 24
1775287118670 1.9737688567903307 25
1775287118968 1.872949070400662 26
1775287119234 1.908515645398034 27
1775287119502 1.8429896765285068 28
1775287119787 1.8106063803037007 29
1775287120064 1.8223776353730097 30
1775287120383 1.732031762599945 31
1775287120671 1.6894647876421611 32
1775287120968 1.6333861417240567 33
1775287121244 1.6368244025442336 34
1775287121571 1.6280808117654588 35
1775287121842 1.5491658879650965 36
1775287122129 1.6334739989704556 37
1775287122449 1.5130676097340054 38
1775287122740 1.524412088923984 39
1775287123056 1.548373606469896 40
1775287123350 1.5300318598747253 41
1775287123657 1.4592897494633992 42
1775287123951 1.4726504683494568 43
1775287124244 1.4341387285126581 44
1775287124528 1.4917195902930365 45
1775287124823 1.4540287918514676 46
1775287125097 1.4259642428821988 47
1775287125382 1.4242104291915894 48
1775287125695 1.3968113329675462 49
1775287125992 1.38558910952674 50
1775287126276 1.372081114186181 51
1775287126603 1.4188802109824286 52
1775287126888 1.363286058108012 53
1775287127182 1.3310778107908037 54
1775287127486 1.3508380717701383 55
1775287127803 1.3096135192447238 56
1775287128086 1.3460144996643066 57
1775287128383 1.309036566151513 58
1775287128710 1.3072647518581815 59
1775287129003 1.2999710506863065 60
1775287129298 1.2908745672967699 61
1775287129615 1.2989949219756656 62
1775287129907 1.3239233791828156 63
1775287130211 1.3059010141425662 64
1775287130502 1.2566936314105988 65
1775287130791 1.2966226372453902 66
1775287131086 1.276017255253262 67
1775287131367 1.2666857606834836 68
1775287131674 1.238922695318858 69
1775287131944 1.2422812117470636 70
1775287132224 1.2367085383998022 71
1775287132527 1.227394653691186 72
1775287132827 1.2642423212528229 73
1775287133118 1.3047939836978912 74
1775287133435 1.2660038438108232 75
1775287133732 1.1918841931555006 76
1775287134032 1.2054230405224695 77
1775287134316 1.226906289656957 78
1775287134607 1.1984363827440474 79
1775287134880 1.2011449833710988 80
1775287135167 1.201405303345786 81
1775287135485 1.1705767909685771 82
1775287135802 1.1966300010681152 83
1775287136096 1.1749345262845357 84
1775287136370 1.163253562317954 85
1775287136633 1.1913132932451036 86
1775287136957 1.1662926110956404 87
1775287137246 1.1386184096336365 88
1775287137509 1.1801713109016418 89
1775287137791 1.1614351669947307 90
1775287138067 1.1890477935473125 91
1775287138369 1.1628002756171756 92
1775287138654 1.1937797135776944 93
1775287138943 1.1535703109370337 94
1775287139236 1.1693515015972986 95
1775287139539 1.1453059514363606 96
1775287139821 1.1607887082629733 97
1775287140097 1.1494658754931555 98
1775287140413 1.1355818741851382 99
1775287140708 1.1520312693383958 100
1775287141003 1.1709569692611694 101
1775287141287 1.1439995103412204 102
1775287141602 1.1386872596210904 103
1775287141880 1.1516217357582517 104
1775287142172 1.160319407780965 105
1775287142477 1.1558676097128127 106
1775287142755 1.1421289145946503 107
1775287143033 1.1257585850026872 108
1775287143323 1.11008839474784 109
1775287143614 1.1152940657403734 110
1775287143911 1.103059020307329 111
1775287144209 1.093692911995782 112
1775287144507 1.125245730082194 113
1775287144809 1.1293056739701166 114
1775287145110 1.125511368115743 115
1775287145406 1.0996922651926677 116
1775287145708 1.1087920930650499 117
1775287145987 1.1021221511893802 118
1775287146278 1.0919020573298137 119
1775287146556 1.1034875180986192 120
1775287146856 1.1189841131369274 121
1775287147147 1.132485694355435 122
1775287147433 1.1100505159960852 123
1775287147735 1.135764092206955 124
1775287148038 1.1460141407118902 125
1775287148327 1.1796439786752064 126
1775287148620 1.1770051386621263 127
1775287148917 1.201300127638711 128
1775287149214 1.201146360900667 129
1775287149486 1.1433570384979248 130
1775287149803 1.144472125503752 131
1775287150103 1.1282610065407224 132
1775287150398 1.1078586942619748 133
1775287150688 1.1085220012399886 134
1775287150983 1.1040954391161601 135
1775287151253 1.1171445449193318 136
1775287151569 1.100546936194102 137
1775287151874 1.1181085606416066 138
1775287152159 1.091591434346305 139
1775287152455 1.1014479431841109 140
1775287152761 1.089242355691062 141
1775287153066 1.111084736055798 142
1775287153364 1.1124209827846951 143
1775287153655 1.0897162589761946 144
1775287153945 1.0718086494339838 145
1775287154238 1.101877510547638 146
1775287154546 1.107513470782174 147
1775287154895 1.0893059372901917 148
1775287155184 1.1088896360662248 149
