1775287111180 3.016642245763672 0
1775287111498 2.687342935732231 1
1775287111811 2.3845651859398376 2
1775287112098 2.3870803479438125 3
1775287112386 2.4146545041717764 4
1775287112728 2.413922507627416 5
1775287113007 2.575262211173381 6
1775287113338 2.5036414422466087 7
1775287113620 2.7396104416444467 8
1775287113921 3.648427913163378 9
1775287114195 3.331763895896562 10
1775287114469 3.907875177855471 11
1775287114774 3.7788301122759154 12
1775287115063 4.7430666521999 13
1775287115363 4.475353914007231 14
1775287115653 4.9836049203446695 15
1775287115950 5.24679123560201 16
1775287116252 5.230750540944398 17
1775287116567 5.798026145322169 18
1775287116860 6.605767817114163 19
1775287117185 6.482441994495788 20
1775287117493 6.228081281511987 21
1775287117781 6.1982565219126595 22
1775287118091 6.893150565380062 23
1775287118385 6.225662239058775 24
1775287118670 7.050311666746043 25
1775287118968 6.900841421752868 26
1775287119235 8.147640857856473 27
1775287119502 7.337162822989814 28
1775287119788 7.366683475510434 29
1775287120065 9.217601901740013 30
1775287120384 6.895724791441932 31
1775287120672 7.140903499902785 32
1775287120968 6.7817527477474835 33
1775287121244 7.267420803060974 34
1775287121571 7.109974150763692 35
1775287121843 6.519415728281839 36
1775287122130 7.683355560346976 37
1775287122450 6.278312989512233 38
1775287122741 6.477129169176877 39
1775287123057 7.006773022117901 40
1775287123351 7.075746216129031 41
1775287123658 6.583409220952662 42
1775287123951 6.034403265101525 43
1775287124244 6.48281509022404 44
1775287124529 7.80660238078064 45
1775287124824 5.576727446014472 46
1775287125098 6.23142633672801 47
1775287125382 7.694211127598717 48
1775287125696 6.109016262198688 49
1775287125992 5.44770773647607 50
1775287126277 5.955018654422083 51
1775287126604 7.850276447553096 52
1775287126889 6.125570968005443 53
1775287127183 5.53224512937315 54
1775287127486 5.7906206415200465 55
1775287127804 5.3474302841573085 56
1775287128087 5.304903677467288 57
1775287128384 5.470102148999733 58
1775287128711 6.147586714819891 59
1775287129004 4.795385900906473 60
1775287129299 5.054397748765224 61
1775287129616 6.162338249740994 62
1775287129908 5.908486313438328 63
1775287130211 5.735547823941011 64
1775287130502 6.06910113191731 65
1775287130792 6.651352248875488 66
1775287131086 6.051570987077144 67
1775287131368 5.587375437837879 68
1775287131674 4.8946419532147125 69
1775287131945 4.4513004534640945 70
1775287132225 4.330252949948961 71
1775287132527 5.044540611299901 72
1775287132827 5.973380880879821 73
1775287133119 7.1229550010037705 74
1775287133435 5.7883179565078695 75
1775287133733 4.0091953083777305 76
1775287134032 4.257405601075417 77
1775287134317 4.456298628770499 78
1775287134607 4.4425982901191805 79
1775287134880 4.583915657884667 80
1775287135167 5.009850516918654 81
1775287135485 3.600092613526236 82
1775287135803 4.642992460832137 83
1775287136097 3.6184793682604703 84
1775287136371 3.647864268279938 85
1775287136634 4.770195653196955 86
1775287136958 2.93177867627211 87
1775287137247 3.3846342761632364 88
1775287137509 3.6464798171514365 89
1775287137792 4.492679230580939 90
1775287138068 5.2641369602055175 91
1775287138370 4.770129302425649 92
1775287138654 4.522357225937203 93
1775287138944 3.906660050685756 94
1775287139237 3.9166318999580145 95
1775287139539 3.95875744574397 96
1775287139821 3.752538625665294 97
1775287140098 3.851702177299318 98
1775287140414 4.423269221812555 99
1775287140708 4.179586507975123 100
1775287141003 3.8620643087292925 101
1775287141287 3.8870485700057995 102
1775287141602 3.9574205941281795 103
1775287141881 3.6841592096857902 104
1775287142173 3.9236129982631107 105
1775287142477 4.132129352991459 106
1775287142755 3.159923379967307 107
1775287143033 2.4127260052368893 108
1775287143323 2.723374067431758 109
1775287143614 2.5901593253329187 110
1775287143912 2.7382619515260527 111
1775287144210 2.4004287256816883 112
1775287144507 3.016341853055133 113
1775287144809 2.5577135348350075 114
1775287145110 2.694691643582205 115
1775287145407 2.6792076194003167 116
1775287145709 2.4359061942183833 117
1775287145988 1.9673131417657141 118
1775287146278 2.128947051800985 119
1775287146556 2.3461894529216565 120
1775287146857 2.814346490122977 121
1775287147147 2.911111718793365 122
1775287147434 3.4946318312943414 123
1775287147735 3.8832858911427692 124
1775287148038 4.9898282186390155 125
1775287148328 5.254869028083819 126
1775287148620 6.835548965688982 127
1775287148918 6.952937950983614 128
1775287149215 5.819515383710788 129
1775287149486 3.765280693576185 130
1775287149804 3.8859639408922058 131
1775287150104 3.5456025279690784 132
1775287150399 2.4810891758318383 133
1775287150689 2.207570048103793 134
1775287150984 2.2611619886983956 135
1775287151253 2.801201227649101 136
1775287151569 2.673606038028961 137
1775287151874 3.1025054756733708 138
1775287152159 2.5562800264669594 139
1775287152456 2.0925442280939266 140
1775287152762 2.390427178685756 141
1775287153066 3.6316332941044758 142
1775287153364 2.160778982781574 143
1775287153656 2.4635405403410555 144
1775287153946 1.7019667845339914 145
1775287154239 2.1845204843493855 146
1775287154547 2.2787899241728224 147
1775287154896 1.8983293875434784 148
1775287155185 2.3465922180488787 149
