1774367935887 5.733591035923556 0
1774368507735 5.138325252566925 1
1774369082170 4.8967536418954944 2
1774369658299 4.715840382859955 3
1774370233427 4.577416155783974 4
1774370806594 4.45851125735829 5
1774371377612 4.350958292049613 6
1774371951610 4.255099900388629 7
1774372523490 4.1638776667959725 8
1774373099323 4.0848197311933685 9
1774373672316 4.007927163734459 10
1774374240528 3.944855947454115 11
1774374812350 3.875534925214181 12
1774375386060 3.820495498621792 13
1774375961436 3.770259984144081 14
1774376532782 3.7237458008899162 15
1774377105757 3.680873004889707 16
1774377678898 3.6393424990103256 17
1774378253385 3.5967372172620706 18
1774378828098 3.5568486727271638 19
1774379398372 3.516390790951877 20
1774379971125 3.4750184492314267 21
1774380544648 3.4393491577384547 22
1774381117461 3.4006289172400517 23
1774381690701 3.368902267283961 24
1774382265574 3.3368386891046873 25
1774382842032 3.306428761779975 26
1774383413694 3.2758663045551417 27
1774383993491 3.250216021645186 28
1774384564234 3.2213614923935805 29
