1775231710082 2.5846703701958256 0
1775231710550 2.3206086812192557 1
1775231711006 2.200152913660927 2
1775231711481 2.323272627857561 3
1775231711928 2.349774763921077 4
1775231712379 2.3970984115251563 5
1775231712848 2.6257530007599166 6
1775231713316 3.0027677044698198 7
1775231713784 3.1138227155925584 8
1775231714244 3.7422465441140726 9
1775231714707 3.7622097786411604 10
1775231715168 4.178083735558128 11
1775231715631 4.921840668047971 12
1775231716132 5.246033999938107 13
1775231716592 5.160520902211428 14
1775231717028 5.631039029009993 15
1775231717533 5.664833314556712 16
1775231717995 5.937142281560427 17
1775231718455 5.929164519799708 18
1775231718936 6.154851085874032 19
1775231719387 6.8113857566806475 20
1775231719853 6.510713652383688 21
1775231720310 6.893064664271013 22
1775231720774 6.860062544745244 23
1775231721234 7.773615652614557 24
1775231721709 7.303388592373996 25
1775231722175 7.942175676429503 26
1775231722633 8.291603683484674 27
1775231723088 8.083078045569815 28
1775231723575 8.570727508010307 29
1775231724036 7.69456202244291 30
1775231724494 7.633365366891131 31
1775231724966 8.101651678280207 32
1775231725435 7.6065047436948765 33
1775231725882 7.800486319501761 34
1775231726335 7.277496673659313 35
1775231726781 7.529593419929083 36
1775231727242 7.350868905754999 37
1775231727685 6.972842035522613 38
1775231728131 6.965700251002704 39
1775231728609 6.253496466980184 40
1775231729042 6.3139039286425485 41
1775231729495 6.525553846696881 42
1775231729956 6.080382958038253 43
1775231730419 6.8903086632701145 44
1775231730901 6.353631923785201 45
1775231731372 5.172053683136031 46
1775231731821 5.721452959221135 47
1775231732284 5.9792829032268555 48
1775231732744 6.041428008368126 49
1775231733190 5.253353590212699 50
1775231733646 6.645776562607722 51
1775231734095 5.231463909502584 52
1775231734550 4.518478357087628 53
1775231735031 4.787838795675954 54
1775231735499 4.485336514309648 55
1775231735956 4.935377541916642 56
1775231736418 4.833962341277394 57
1775231736902 5.371771002847054 58
1775231737333 5.344201391178232 59
1775231737786 4.205978268574623 60
1775231738232 3.969591285659934 61
1775231738689 4.184858621203577 62
1775231739136 3.5500172889942543 63
1775231739590 4.189676399263159 64
1775231740054 3.772051509712765 65
1775231740522 4.349266197425629 66
1775231740979 4.713323132904425 67
1775231741444 4.102804553824375 68
1775231741881 3.962035200564237 69
1775231742332 3.6301999527354365 70
1775231742778 3.4258736349128043 71
1775231743238 3.6618057392175274 72
1775231743700 3.142590471759774 73
1775231744171 3.0692167573793925 74
1775231744642 3.307575407904745 75
1775231745120 3.5298287893866616 76
1775231745589 3.4848031211374413 77
1775231746056 4.234085505000254 78
1775231746511 4.913677307209855 79
1775231746965 3.9223860028714728 80
1775231747426 3.315505546461711 81
1775231747907 3.276949127609034 82
1775231748367 3.2460839122411187 83
1775231748836 3.1914096052001106 84
1775231749290 3.488431061810127 85
1775231749775 2.9817195813144637 86
1775231750224 3.251322751430074 87
1775231750674 2.971460156366256 88
1775231751131 2.3700580295377196 89
1775231751579 2.681759308847805 90
1775231752057 2.793086888333631 91
1775231752515 3.272848176154166 92
1775231752966 2.982362440000639 93
1775231753414 3.29631994925594 94
1775231753868 2.615103265593139 95
1775231754318 2.685605026392144 96
1775231754776 3.235475469045774 97
1775231755242 2.7987711665932493 98
1775231755712 3.381290084188161 99
