1775231710081 4.649696270624797 0
1775231710549 4.590602815151215 1
1775231711006 4.567466239134471 2
1775231711480 4.559941391150157 3
1775231711927 4.549158096313477 4
1775231712379 4.512317558129628 5
1775231712847 4.437863866488139 6
1775231713315 4.339827537536621 7
1775231713784 4.23500382900238 8
1775231714244 4.155742764472961 9
1775231714707 4.03643857439359 10
1775231715168 3.930344114700953 11
1775231715631 3.8734355866909027 12
1775231716131 3.7557591597239175 13
1775231716591 3.6257728934288025 14
1775231717028 3.5318663020928702 15
1775231717532 3.458527058362961 16
1775231717994 3.3850107391675315 17
1775231718454 3.2387783527374268 18
1775231718936 3.1655014554659524 19
1775231719386 3.0777355631192527 20
1775231719853 2.998555213212967 21
1775231720310 2.8782061537106833 22
1775231720774 2.7844684521357217 23
1775231721234 2.723401149113973 24
1775231721708 2.593996604283651 25
1775231722175 2.5297012329101562 26
1775231722633 2.5169531106948853 27
1775231723088 2.440167188644409 28
1775231723574 2.385930041472117 29
1775231724035 2.296456923087438 30
1775231724494 2.2562690575917563 31
1775231724965 2.2043163975079856 32
1775231725435 2.134260818362236 33
1775231725881 2.0832157681385675 34
1775231726335 2.0257836480935416 35
1775231726780 1.9794356922308605 36
1775231727241 1.985926330089569 37
1775231727685 1.9217037459214528 38
1775231728130 1.8664342761039734 39
1775231728608 1.825041025876999 40
1775231729041 1.8122376799583435 41
1775231729494 1.7892419298489888 42
1775231729955 1.7470259914795558 43
1775231730418 1.7354046950737636 44
1775231730901 1.7305944710969925 45
1775231731372 1.6798272281885147 46
1775231731820 1.6730610231558483 47
1775231732284 1.6835322380065918 48
1775231732744 1.6852169334888458 49
1775231733190 1.6174038747946422 50
1775231733646 1.6545736690362294 51
1775231734095 1.6253327975670497 52
1775231734549 1.5960965653260548 53
1775231735030 1.5942238718271255 54
1775231735498 1.590284859140714 55
1775231735956 1.575528621673584 56
1775231736417 1.5728967388470967 57
1775231736902 1.555093213915825 58
1775231737332 1.5566086421410243 59
1775231737785 1.5325253506501515 60
1775231738231 1.5183351387580235 61
1775231738689 1.5221506357192993 62
1775231739135 1.4940077165762584 63
1775231739590 1.5125883271296818 64
1775231740053 1.487934296329816 65
1775231740522 1.4865217357873917 66
1775231740978 1.520443285504977 67
1775231741443 1.4935186579823494 68
1775231741881 1.4856146772702534 69
1775231742331 1.463454653819402 70
1775231742778 1.4632244507471721 71
1775231743237 1.4898462841908138 72
1775231743700 1.4580788314342499 73
1775231744171 1.4597212821245193 74
1775231744641 1.4527287979920704 75
1775231745119 1.4617487887541454 76
1775231745588 1.4651896605889003 77
1775231746055 1.4750575025876362 78
1775231746511 1.4898325155178707 79
1775231746964 1.4700699696938198 80
1775231747425 1.4518340875705082 81
1775231747907 1.454633225997289 82
1775231748367 1.4400901024540265 83
1775231748835 1.4411824295918148 84
1775231749289 1.4460322558879852 85
1775231749774 1.4338212261597316 86
1775231750224 1.4238128711779912 87
1775231750673 1.437177633245786 88
1775231751130 1.4182915290196736 89
1775231751579 1.4183317025502522 90
1775231752056 1.4167261322339375 91
1775231752515 1.4310886164506276 92
1775231752965 1.420498160024484 93
1775231753414 1.4248784482479095 94
1775231753867 1.4264671703179677 95
1775231754317 1.4026392300923665 96
1775231754775 1.438799058397611 97
1775231755241 1.4206321090459824 98
1775231755712 1.4199357728163402 99
