1774632493555 1.847550429253728 0
1774632549210 1.9825862508412186 1
1774632600581 2.1119313197100817 2
1774632654419 2.2678303707343916 3
1774632712757 2.432394820834719 4
1774632764061 2.589195330737641 5
1774632816349 2.7355758145154305 6
1774632867960 2.8734944628872308 7
1774632920429 2.9995875902353943 8
1774632972317 3.125403520958434 9
1774633026074 3.2462078756058474 10
1774633077860 3.3428244622933123 11
1774633129729 3.4357007605875847 12
1774633182072 3.534116297367833 13
1774633237481 3.6268235766843158 14
1774633291055 3.704570263214765 15
1774633340333 3.788444483248081 16
1774633393062 3.8689431158290417 17
1774633444292 3.941528984345494 18
1774633494718 4.0161622324570185 19
1774633548682 4.08166060411999 20
1774633603615 4.143065799108401 21
1774633653457 4.1903294022152915 22
1774633705863 4.249619326501652 23
1774633758322 4.3047295675093 24
1774633813993 4.355358178547635 25
1774633867317 4.399919049605357 26
1774633920793 4.4419244987533135 27
1774633973229 4.495479754014936 28
1774634026650 4.526943755146268 29
1774634076033 4.569162134581024 30
1774634131486 4.611836986018749 31
1774634184847 4.631916148281707 32
1774634237465 4.660342455841134 33
1774634288529 4.690314884679022 34
1774634341871 4.720611877730395 35
1774634393040 4.7313653359233605 36
1774634446572 4.773678211766891 37
1774634499559 4.794124539313296 38
1774634549889 4.818644771107023 39
1774634602417 4.854035079697673 40
1774634653726 4.872642760701954 41
1774634705565 4.886344613962969 42
1774634755611 4.91106159176394 43
1774634808784 4.9483416205943245 44
1774634864148 4.95952659245055 45
1774634915505 4.995049486577459 46
1774634971355 4.987335434172281 47
1774635023837 4.998191794376849 48
1774635079144 5.017760630058309 49
