1774632493555 6.329704867496138 0
1774632549209 5.83149582624925 1
1774632600581 5.611586123031757 2
1774632654419 5.444512308011065 3
1774632712756 5.3002447538552095 4
1774632764060 5.178367974577009 5
1774632816348 5.074055015428844 6
1774632867959 4.984994487595999 7
1774632920428 4.9037124329768655 8
1774632972316 4.83525552617451 9
1774633026074 4.776492120365343 10
1774633077860 4.72065247641207 11
1774633129729 4.669032520765642 12
1774633182071 4.623058703462201 13
1774633237480 4.579843342916187 14
1774633291055 4.539237740470643 15
1774633340333 4.50143478569064 16
1774633393061 4.466554174738988 17
1774633444291 4.431051915186386 18
1774633494718 4.400460219297566 19
1774633548682 4.370755642040554 20
1774633603614 4.343838014458239 21
1774633653457 4.31508613214111 22
1774633705862 4.289640457539588 23
1774633758321 4.262764634415355 24
1774633813992 4.241190222805286 25
1774633867316 4.216994461643623 26
1774633920792 4.1958516353943995 27
1774633973228 4.172559903142878 28
1774634026649 4.150713076398113 29
1774634076033 4.132138468524024 30
1774634131485 4.11273635113019 31
1774634184847 4.093790950655203 32
1774634237465 4.075619887338772 33
1774634288528 4.055705147479839 34
1774634341870 4.037156859156532 35
1774634393039 4.019917126064183 36
1774634446571 4.0057868423892735 37
1774634499558 3.9879471994401006 38
1774634549889 3.970430050848446 39
1774634602417 3.954173322514587 40
1774634653726 3.9402893572984534 41
1774634705565 3.9219590525240378 42
1774634755610 3.90714495976358 43
1774634808783 3.892031109553343 44
1774634864147 3.877995818669791 45
1774634915504 3.8653303758686817 46
1774634971354 3.847647946167286 47
1774635023837 3.8338959209728043 48
1774635079144 3.8208650457051254 49
