1775232574155 3.016642245763672 0
1775232574453 2.687342935732231 1
1775232574723 2.3845651859398376 2
1775232574994 2.3870803479438125 3
1775232575254 2.4146545041717764 4
1775232575518 2.413922507627416 5
1775232575788 2.575262211173381 6
1775232576068 2.5036414422466087 7
1775232576341 2.7396104416444467 8
1775232576627 3.648427913163378 9
1775232576922 3.331763895896562 10
1775232577216 3.907875177855471 11
1775232577488 3.7788301122759154 12
1775232577763 4.7430666521999 13
1775232578064 4.475353914007231 14
1775232578349 4.9836049203446695 15
1775232578656 5.24679123560201 16
1775232578932 5.230750540944398 17
1775232579197 5.798026145322169 18
1775232579488 6.605767817114163 19
1775232579769 6.482441994495788 20
1775232580023 6.228081281511987 21
1775232580283 6.1982565219126595 22
1775232580552 6.893150565380062 23
1775232580829 6.225662239058775 24
1775232581099 7.050311666746043 25
1775232581385 6.900841421752868 26
1775232581650 8.147640857856473 27
1775232581909 7.337162822989814 28
1775232582153 7.366683475510434 29
1775232582433 9.217601901740013 30
1775232582707 6.895724791441932 31
1775232582990 7.140903499902785 32
1775232583253 6.7817527477474835 33
1775232583519 7.267420803060974 34
1775232583827 7.109974150763692 35
1775232584083 6.519415728281839 36
1775232584354 7.683355560346976 37
1775232584627 6.278312989512233 38
1775232584889 6.477129169176877 39
1775232585166 7.006773022117901 40
1775232585456 7.075746216129031 41
1775232585737 6.583409220952662 42
1775232585998 6.034403265101525 43
1775232586266 6.48281509022404 44
1775232586529 7.80660238078064 45
1775232586799 5.576727446014472 46
1775232587067 6.23142633672801 47
1775232587332 7.694211127598717 48
1775232587611 6.109016262198688 49
1775232587884 5.44770773647607 50
1775232588143 5.955018654422083 51
1775232588400 7.850276447553096 52
1775232588704 6.125570968005443 53
1775232588977 5.53224512937315 54
1775232589267 5.7906206415200465 55
1775232589538 5.3474302841573085 56
1775232589832 5.304903677467288 57
1775232590124 5.470102148999733 58
1775232590410 6.147586714819891 59
1775232590689 4.795385900906473 60
1775232590952 5.054397748765224 61
1775232591219 6.162338249740994 62
1775232591502 5.908486313438328 63
1775232591774 5.735547823941011 64
1775232592029 6.06910113191731 65
1775232592312 6.651352248875488 66
1775232592586 6.051570987077144 67
1775232592887 5.587375437837879 68
1775232593163 4.8946419532147125 69
1775232593446 4.4513004534640945 70
1775232593741 4.330252949948961 71
1775232593999 5.044540611299901 72
1775232594266 5.973380880879821 73
1775232594543 7.1229550010037705 74
1775232594809 5.7883179565078695 75
1775232595083 4.0091953083777305 76
1775232595348 4.257405601075417 77
1775232595610 4.456298628770499 78
1775232595898 4.4425982901191805 79
1775232596170 4.583915657884667 80
1775232596465 5.009850516918654 81
1775232596741 3.600092613526236 82
1775232597003 4.642992460832137 83
1775232597283 3.6184793682604703 84
1775232597566 3.647864268279938 85
1775232597825 4.770195653196955 86
1775232598080 2.93177867627211 87
1775232598366 3.3846342761632364 88
1775232598654 3.6464798171514365 89
1775232598952 4.492679230580939 90
1775232599200 5.2641369602055175 91
1775232599467 4.770129302425649 92
1775232599765 4.522357225937203 93
1775232600021 3.906660050685756 94
1775232600309 3.9166318999580145 95
1775232600603 3.95875744574397 96
1775232600866 3.752538625665294 97
1775232601139 3.851702177299318 98
1775232601406 4.423269221812555 99
1775232601679 4.179586507975123 100
1775232601971 3.8620643087292925 101
1775232602287 3.8870485700057995 102
1775232602532 3.9574205941281795 103
1775232602815 3.6841592096857902 104
1775232603100 3.9236129982631107 105
1775232603366 4.132129352991459 106
1775232603638 3.159923379967307 107
1775232603918 2.4127260052368893 108
1775232604179 2.723374067431758 109
1775232604452 2.5901593253329187 110
1775232604743 2.7382619515260527 111
1775232605032 2.4004287256816883 112
1775232605316 3.016341853055133 113
1775232605563 2.5577135348350075 114
1775232605845 2.694691643582205 115
1775232606136 2.6792076194003167 116
1775232606421 2.4359061942183833 117
1775232606686 1.9673131417657141 118
1775232606971 2.128947051800985 119
1775232607244 2.3461894529216565 120
1775232607542 2.814346490122977 121
1775232607837 2.911111718793365 122
1775232608116 3.4946318312943414 123
1775232608380 3.8832858911427692 124
1775232608690 4.9898282186390155 125
1775232608968 5.254869028083819 126
1775232609231 6.835548965688982 127
1775232609504 6.952937950983614 128
1775232609761 5.819515383710788 129
1775232610040 3.765280693576185 130
1775232610319 3.8859639408922058 131
1775232610581 3.5456025279690784 132
1775232610837 2.4810891758318383 133
1775232611101 2.207570048103793 134
1775232611367 2.2611619886983956 135
1775232611624 2.801201227649101 136
1775232611904 2.673606038028961 137
1775232612169 3.1025054756733708 138
1775232612444 2.5562800264669594 139
1775232612713 2.0925442280939266 140
1775232612978 2.390427178685756 141
1775232613257 3.6316332941044758 142
1775232613517 2.160778982781574 143
1775232613811 2.4635405403410555 144
1775232614091 1.7019667845339914 145
1775232614376 2.1845204843493855 146
1775232614650 2.2787899241728224 147
1775232614927 1.8983293875434784 148
1775232615172 2.3465922180488787 149
