1775232574154 3.2917795048819647 0
1775232574453 3.2550610171424017 1
1775232574723 3.2252375152375965 2
1775232574994 3.2033221854103937 3
1775232575254 3.2220461236106024 4
1775232575518 3.194893717765808 5
1775232575788 3.1895818842781916 6
1775232576067 3.152813341882494 7
1775232576341 3.097112390730116 8
1775232576627 3.0365861654281616 9
1775232576921 2.9429660903082953 10
1775232577215 2.8690866894192166 11
1775232577488 2.7917641931109958 12
1775232577763 2.796025925212436 13
1775232578064 2.634976387023926 14
1775232578348 2.613872210184733 15
1775232578655 2.5506108668115406 16
1775232578931 2.4884647130966187 17
1775232579197 2.444478922420078 18
1775232579487 2.349781592686971 19
1775232579769 2.3005608452690973 20
1775232580022 2.1774423056178622 21
1775232580282 2.152973817454444 22
1775232580551 2.132286707560221 23
1775232580829 2.0108123421669006 24
1775232581099 1.9737688567903307 25
1775232581385 1.872949070400662 26
1775232581649 1.908515645398034 27
1775232581909 1.8429896765285068 28
1775232582153 1.8106063803037007 29
1775232582432 1.8223776353730097 30
1775232582706 1.732031762599945 31
1775232582990 1.6894647876421611 32
1775232583252 1.6333861417240567 33
1775232583519 1.6368244025442336 34
1775232583827 1.6280808117654588 35
1775232584082 1.5491658879650965 36
1775232584353 1.6334739989704556 37
1775232584627 1.5130676097340054 38
1775232584889 1.524412088923984 39
1775232585165 1.548373606469896 40
1775232585455 1.5300318598747253 41
1775232585736 1.4592897494633992 42
1775232585998 1.4726504683494568 43
1775232586265 1.4341387285126581 44
1775232586528 1.4917195902930365 45
1775232586798 1.4540287918514676 46
1775232587066 1.4259642428821988 47
1775232587332 1.4242104291915894 48
1775232587610 1.3968113329675462 49
1775232587883 1.38558910952674 50
1775232588142 1.372081114186181 51
1775232588399 1.4188802109824286 52
1775232588704 1.363286058108012 53
1775232588977 1.3310778107908037 54
1775232589266 1.3508380717701383 55
1775232589537 1.3096135192447238 56
1775232589831 1.3460144996643066 57
1775232590123 1.309036566151513 58
1775232590410 1.3072647518581815 59
1775232590689 1.2999710506863065 60
1775232590951 1.2908745672967699 61
1775232591218 1.2989949219756656 62
1775232591501 1.3239233791828156 63
1775232591773 1.3059010141425662 64
1775232592029 1.2566936314105988 65
1775232592311 1.2966226372453902 66
1775232592586 1.276017255253262 67
1775232592886 1.2666857606834836 68
1775232593163 1.238922695318858 69
1775232593445 1.2422812117470636 70
1775232593740 1.2367085383998022 71
1775232593998 1.227394653691186 72
1775232594266 1.2642423212528229 73
1775232594543 1.3047939836978912 74
1775232594808 1.2660038438108232 75
1775232595082 1.1918841931555006 76
1775232595347 1.2054230405224695 77
1775232595610 1.226906289656957 78
1775232595897 1.1984363827440474 79
1775232596169 1.2011449833710988 80
1775232596465 1.201405303345786 81
1775232596741 1.1705767909685771 82
1775232597002 1.1966300010681152 83
1775232597283 1.1749345262845357 84
1775232597565 1.163253562317954 85
1775232597824 1.1913132932451036 86
1775232598080 1.1662926110956404 87
1775232598365 1.1386184096336365 88
1775232598654 1.1801713109016418 89
1775232598952 1.1614351669947307 90
1775232599200 1.1890477935473125 91
1775232599466 1.1628002756171756 92
1775232599765 1.1937797135776944 93
1775232600021 1.1535703109370337 94
1775232600309 1.1693515015972986 95
1775232600602 1.1453059514363606 96
1775232600865 1.1607887082629733 97
1775232601138 1.1494658754931555 98
1775232601405 1.1355818741851382 99
1775232601678 1.1520312693383958 100
1775232601970 1.1709569692611694 101
1775232602286 1.1439995103412204 102
1775232602531 1.1386872596210904 103
1775232602814 1.1516217357582517 104
1775232603099 1.160319407780965 105
1775232603365 1.1558676097128127 106
1775232603637 1.1421289145946503 107
1775232603917 1.1257585850026872 108
1775232604178 1.11008839474784 109
1775232604451 1.1152940657403734 110
1775232604743 1.103059020307329 111
1775232605032 1.093692911995782 112
1775232605315 1.125245730082194 113
1775232605563 1.1293056739701166 114
1775232605844 1.125511368115743 115
1775232606136 1.0996922651926677 116
1775232606420 1.1087920930650499 117
1775232606685 1.1021221511893802 118
1775232606970 1.0919020573298137 119
1775232607243 1.1034875180986192 120
1775232607542 1.1189841131369274 121
1775232607837 1.132485694355435 122
1775232608116 1.1100505159960852 123
1775232608379 1.135764092206955 124
1775232608690 1.1460141407118902 125
1775232608968 1.1796439786752064 126
1775232609231 1.1770051386621263 127
1775232609503 1.201300127638711 128
1775232609761 1.201146360900667 129
1775232610040 1.1433570384979248 130
1775232610319 1.144472125503752 131
1775232610581 1.1282610065407224 132
1775232610836 1.1078586942619748 133
1775232611101 1.1085220012399886 134
1775232611366 1.1040954391161601 135
1775232611624 1.1171445449193318 136
1775232611904 1.100546936194102 137
1775232612168 1.1181085606416066 138
1775232612444 1.091591434346305 139
1775232612712 1.1014479431841109 140
1775232612978 1.089242355691062 141
1775232613257 1.111084736055798 142
1775232613516 1.1124209827846951 143
1775232613811 1.0897162589761946 144
1775232614090 1.0718086494339838 145
1775232614376 1.101877510547638 146
1775232614649 1.107513470782174 147
1775232614926 1.0893059372901917 148
1775232615172 1.1088896360662248 149
