1777753100157 0.0001002 0
1777753100921 0.00020009999999999998 1
1777753101676 0.0003 2
1777753102440 0.0002998751699016874 3
1777753103219 0.00029950088737412895 4
1777753103991 0.00029887777537365414 5
1777753104779 0.0002980068710086933 6
1777753105563 0.0002968896238136132 7
1777753106327 0.0002955278933361097 8
1777753107094 0.00029392394604217464 9
1777753107877 0.00029208045154378653 10
1777753108647 0.000290000478155605 11
1777753109415 0.0002876874877880639 12
1777753110205 0.0002851453301853629 13
1777753110984 0.0002823782365179482 14
1777753111748 0.0002793908123401471 15
1777753112537 0.00027618802992467723 16
1777753113299 0.00027277521998678904 17
1777753114053 0.0002691580628118169 18
1777753114831 0.0002653425788009043 19
1777753115591 0.0002613351184506405 20
1777753116349 0.0002571423517832855 21
1777753117113 0.00025277125724517665 22
1777753117886 0.00024822911009179276 23
1777753118639 0.00024352347027881005 24
1777753119420 0.00023866216987930152 25
1777753120182 0.00023365330004802444 26
1777753120951 0.00022850519755449183 27
1777753121711 0.0002232264309072422 28
1777753122460 0.00021782578609240286 29
1777753123234 0.000212312251950283 30
1777753123998 0.00020669500521433597 31
1777753124767 0.00020098339523739255 32
1777753125538 0.00019518692843058515 33
1777753126314 0.00018931525244086534 34
1777753127062 0.00018337814009344714 35
1777753127838 0.00017738547312590427 36
1777753128613 0.0001713472257409928 37
1777753129376 0.00016527344800557533 38
1777753130147 0.00015917424912327641 39
1777753130900 0.00015305978060871082 40
1777753131667 0.0001469402193912892 41
1777753132413 0.00014082575087672359 42
1777753133186 0.00013472655199442472 43
1777753133956 0.00012865277425900718 44
1777753134733 0.00012261452687409573 45
1777753135518 0.00011662185990655286 46
1777753136290 0.00011068474755913467 47
1777753137073 0.00010481307156941488 48
1777753137862 9.901660476260748e-05 49
1777753138673 9.330499478566404e-05 50
1777753139451 8.768774804971709e-05 51
1777753140233 8.217421390759712e-05 52
1777753140992 7.677356909275784e-05 53
1777753141799 7.149480244550817e-05 54
1777753142599 6.63466999519756e-05 55
1777753143376 6.133783012069854e-05 56
1777753144127 5.647652972118998e-05 57
1777753144895 5.177088990820725e-05 58
1777753145660 4.722874275482338e-05 59
1777753146439 4.285764821671447e-05 60
1777753147215 3.866488154935952e-05 61
1777753147993 3.465742119909574e-05 62
1777753148752 3.084193718818311e-05 63
1777753149515 2.7224780013211006e-05 64
1777753150297 2.381197007532281e-05 65
1777753151060 2.060918765985292e-05 66
1777753151833 1.7621763482051834e-05 67
1777753152612 1.485466981463715e-05 68
1777753153372 1.231251221193611e-05 69
1777753154119 9.99952184439499e-06 70
1777753154881 7.919548456213484e-06 71
1777753155626 6.076053957825413e-06 72
1777753156403 4.472106663890326e-06 73
1777753157168 3.11037618638685e-06 74
1777753157942 1.9931289913066707e-06 75
1777753158714 1.1222246263458476e-06 76
1777753159508 4.99112625871018e-07 77
