1777753100156 4.655021766821544 0
1777753100920 4.636623680591583 1
1777753101675 4.630179345607758 2
1777753102439 4.627901315689087 3
1777753103219 4.493552923202515 4
1777753103989 4.309309621651967 5
1777753104778 4.159311234951019 6
1777753105562 4.050503730773926 7
1777753106326 3.944975217183431 8
1777753107093 3.831925561030706 9
1777753107876 3.7241762479146323 10
1777753108646 3.5347135265668235 11
1777753109414 3.3397480249404907 12
1777753110204 3.213201661904653 13
1777753110983 3.025594860315323 14
1777753111747 2.853965312242508 15
1777753112536 2.701031804084778 16
1777753113298 2.555625945329666 17
1777753114052 2.4460749427477517 18
1777753114829 2.288782089948654 19
1777753115590 2.2306703428427377 20
1777753116348 2.095779145757357 21
1777753117112 1.9569073021411896 22
1777753117885 1.9182661026716232 23
1777753118638 1.8569516291220982 24
1777753119419 1.7748085012038548 25
1777753120181 1.7317815472682316 26
1777753120948 1.662316769361496 27
1777753121710 1.609569475054741 28
1777753122458 1.56324402987957 29
1777753123233 1.5560410767793655 30
1777753123997 1.5073126703500748 31
1777753124767 1.441387563943863 32
1777753125537 1.4009767472743988 33
1777753126312 1.3841218203306198 34
1777753127061 1.3760849386453629 35
1777753127836 1.3141070107618968 36
1777753128611 1.283935899535815 37
1777753129375 1.2566620757182438 38
1777753130145 1.2571799606084824 39
1777753130899 1.2413808504740398 40
1777753131666 1.2137521853049595 41
1777753132411 1.2159948448340099 42
1777753133185 1.1777842789888382 43
1777753133955 1.1566498031218846 44
1777753134732 1.1412881463766098 45
1777753135517 1.1511605034271877 46
1777753136290 1.1298411985238392 47
1777753137072 1.1068865011135738 48
1777753137861 1.1242090115944545 49
1777753138672 1.108972375591596 50
1777753139450 1.1035482535759609 51
1777753140232 1.0838724076747894 52
1777753140991 1.0692298362652461 53
1777753141798 1.0692399740219116 54
1777753142597 1.0597792292634647 55
1777753143376 1.0532532607515652 56
1777753144127 1.0560607065757115 57
1777753144894 1.0449192573626835 58
1777753145660 1.0419898182153702 59
1777753146438 1.0334212556481361 60
1777753147214 1.0320153335730236 61
1777753147991 1.018767811357975 62
1777753148752 1.0230079318086307 63
1777753149515 1.019821825126807 64
1777753150296 1.02452535678943 65
1777753151059 1.021691193183263 66
1777753151831 1.0173825745781262 67
1777753152612 1.0147075305382411 68
1777753153371 1.0040320778886478 69
1777753154119 1.0040594339370728 70
1777753154880 1.0080592681964238 71
1777753155624 1.0055668726563454 72
1777753156402 1.011975347995758 73
1777753157167 1.0073386480410893 74
1777753157941 1.0091002484162648 75
1777753158712 1.0137174651026726 76
1777753159507 1.0006213908394177 77
