1777753100157 1.986508929368312 0
1777753100921 1.7822363027477193 1
1777753101676 1.5041117343866892 2
1777753102440 1.3774722247744124 3
1777753103219 1.9084948533608899 4
1777753103990 2.7181972426009064 5
1777753104779 2.782185540980674 6
1777753105563 3.4067393215708175 7
1777753106327 3.367628871037969 8
1777753107093 3.690090854030508 9
1777753107876 4.61629324206677 10
1777753108647 4.8636349905181495 11
1777753109414 5.683322008886176 12
1777753110205 6.994966308806063 13
1777753110984 7.3363288184949695 14
1777753111748 7.297816343330386 15
1777753112537 8.714646673812085 16
1777753113298 9.045844918494982 17
1777753114052 10.184821765054789 18
1777753114830 9.324445100844503 19
1777753115591 10.01046355699423 20
1777753116349 10.024565324723637 21
1777753117113 9.430003600854102 22
1777753117886 10.981250732891676 23
1777753118638 11.543613635770193 24
1777753119420 10.697332422822702 25
1777753120181 10.817487990368477 26
1777753120950 10.614815262925932 27
1777753121710 9.419935045650835 28
1777753122459 9.179299946978185 29
1777753123233 10.681679514614446 30
1777753123997 9.735325745074238 31
1777753124767 8.737943472256047 32
1777753125537 8.733616475584602 33
1777753126313 9.71604214219246 34
1777753127062 8.872889780874269 35
1777753127837 7.484495980730028 36
1777753128612 7.341518125150325 37
1777753129375 7.139233872887156 38
1777753130146 7.943448169235839 39
1777753130899 8.853082151799557 40
1777753131667 7.088546800161297 41
1777753132412 7.831227623784301 42
1777753133186 6.8363946332319285 43
1777753133956 6.90648305941528 44
1777753134732 6.120419636214915 45
1777753135518 7.148597311853823 46
1777753136290 6.065995580657773 47
1777753137073 5.626934214002887 48
1777753137862 6.808024241166425 49
1777753138672 7.868673152963428 50
1777753139451 6.555821889762226 51
1777753140232 5.716248074939785 52
1777753140992 5.959402477007522 53
1777753141799 5.751935037419012 54
1777753142598 4.9989830537551 55
1777753143376 4.797729105696173 56
1777753144127 5.4372210113659625 57
1777753144894 5.132569421959377 58
1777753145660 4.673688649904512 59
1777753146439 4.176129255128683 60
1777753147214 4.154176813425999 61
1777753147992 4.27055253621145 62
1777753148752 4.073662445882204 63
1777753149515 4.2746884929405615 64
1777753150296 4.184140520407651 65
1777753151060 4.128017236033597 66
1777753151832 3.8938602433789082 67
1777753152612 3.510139537957894 68
1777753153371 3.4939320025136524 69
1777753154119 3.6646966718672416 70
1777753154881 3.6930612667102456 71
1777753155626 3.5815232825675154 72
1777753156402 3.7980572327586466 73
1777753157168 3.8243561130383514 74
1777753157941 3.4556299528280157 75
1777753158713 3.920027897087444 76
1777753159508 3.572756494011619 77
