1775061311843 4.677511155605316 0
1775061312142 4.6315926512082415 1
1775061312435 4.579926153024037 2
1775061312754 4.446430345376332 3
1775061313030 4.363585650920868 4
1775061313302 4.3332134286562605 5
1775061313537 4.334234277407329 6
1775061313814 4.313597202301025 7
1775061314120 4.301978766918182 8
1775061314404 4.31020575761795 9
1775061314672 4.315919756889343 10
1775061314925 4.3193390766779585 11
1775061315190 4.319001913070679 12
1775061315472 4.298207978407542 13
1775061315751 4.273340741793315 14
1775061316043 4.249137043952942 15
1775061316301 4.244365990161896 16
1775061316578 4.22999107837677 17
1775061316860 4.190325061480205 18
1775061317131 4.209961891174316 19
1775061317410 4.181412676970164 20
1775061317702 4.182698309421539 21
1775061317969 4.164973477522532 22
1775061318260 4.146385212739308 23
1775061318569 4.11503525575002 24
1775061318818 4.102511703968048 25
1775061319087 4.087653021017711 26
1775061319362 4.048690577348073 27
1775061319652 4.055758446455002 28
1775061319916 4.051498452822368 29
1775061320196 4.057411144177119 30
1775061320497 4.054201086362203 31
1775061320769 4.0501154363155365 32
1775061321006 3.9925047854582467 33
1775061321278 4.027626444896062 34
1775061321548 3.9797156751155853 35
1775061321836 3.9563714464505515 36
1775061322114 3.901825100183487 37
1775061322415 3.90344230333964 38
1775061322723 3.8349714974562326 39
1775061323064 3.7741158306598663 40
1775061323432 3.7740012208620706 41
1775061323725 3.778313865264257 42
1775061323987 3.703245292107264 43
1775061324263 3.619956543048223 44
1775061324550 3.573029786348343 45
1775061324849 3.5439573526382446 46
1775061325119 3.596577614545822 47
1775061325419 3.5331071515878043 48
1775061325690 3.45781679948171 49
1775061325998 3.45603217681249 50
1775061326338 3.3670031825701394 51
1775061326627 3.3142147262891135 52
1775061326872 3.340790033340454 53
1775061327135 3.2255752980709076 54
1775061327409 3.1765576203664145 55
1775061327664 3.2059541841348014 56
1775061327969 3.190404991308848 57
1775061328266 3.184294193983078 58
1775061328543 3.099463482697805 59
1775061328836 3.07207183043162 60
1775061329131 3.0633442401885986 61
1775061329407 2.939939091602961 62
1775061329693 2.9756177365779877 63
1775061329976 2.837466229995092 64
1775061330236 2.822098662455877 65
1775061330514 2.792030860980352 66
1775061330769 2.777027279138565 67
1775061331030 2.646724740664164 68
1775061331290 2.5899250408013663 69
1775061331597 2.5357052087783813 70
1775061331856 2.5051081478595734 71
1775061332101 2.431131511926651 72
1775061332366 2.492924471696218 73
1775061332652 2.434654782215754 74
1775061332955 2.3892822364966073 75
1775061333268 2.3362621466318765 76
1775061333566 2.2942782044410706 77
1775061333858 2.2518987456957498 78
1775061334152 2.124551152189573 79
1775061334438 2.142201006412506 80
1775061334696 2.125079721212387 81
1775061334951 2.061548282702764 82
1775061335230 2.1020224342743554 83
1775061335508 2.130709787209829 84
1775061335759 2.011946275830269 85
1775061335996 1.9331874400377274 86
1775061336264 1.9057536671559017 87
1775061336512 1.80009492735068 88
1775061336788 1.7488876630862553 89
1775061337067 1.7344974378744762 90
1775061337356 1.6766106734673183 91
1775061337642 1.72605761885643 92
1775061337930 1.6216200391451518 93
1775061338208 1.584489290912946 94
1775061338461 1.5079024285078049 95
1775061338782 1.535907343029976 96
1775061339048 1.543720359603564 97
1775061339343 1.6514843652645748 98
1775061339580 1.5889598429203033 99
