1775061311844 2.4900392550638766 0
1775061312142 2.0983926839339504 1
1775061312436 2.0580813003576774 2
1775061312755 2.7709010701351766 3
1775061313031 3.1001693760630915 4
1775061313303 3.0268194075478987 5
1775061313537 2.9933951824705445 6
1775061313815 2.878570007484484 7
1775061314121 2.965813762419819 8
1775061314405 2.9046517995479717 9
1775061314673 2.9511759682097947 10
1775061314926 2.8064137458404392 11
1775061315191 2.6949481501156103 12
1775061315472 2.5874757191853033 13
1775061315751 2.6731377409451316 14
1775061316043 2.6546632745343013 15
1775061316302 2.929190321320318 16
1775061316579 2.9430168756316895 17
1775061316860 3.015285778374126 18
1775061317132 3.2489718902858056 19
1775061317410 3.739781921196432 20
1775061317703 3.2758657713631916 21
1775061317969 3.2245236348070443 22
1775061318261 2.9820880562764085 23
1775061318569 3.0797534165421556 24
1775061318818 3.1749392772744827 25
1775061319088 3.157365599766686 26
1775061319363 3.071024156955825 27
1775061319652 3.329541071522143 28
1775061319917 3.4229067896293706 29
1775061320197 4.0385220468944345 30
1775061320497 3.8504785993075106 31
1775061320769 3.6145304456441667 32
1775061321007 3.3517136783022625 33
1775061321278 3.8125070384449224 34
1775061321548 3.6159755200299695 35
1775061321837 4.181103782632982 36
1775061322114 3.949051158886114 37
1775061322416 4.167975851642063 38
1775061322724 4.32229379015151 39
1775061323065 4.247046397765848 40
1775061323432 4.43297491266456 41
1775061323726 5.01653578866422 42
1775061323988 4.70247264514572 43
1775061324264 4.941237173340753 44
1775061324550 5.075337366743578 45
1775061324849 5.30224800045752 46
1775061325119 5.960212819776078 47
1775061325419 5.62611197120717 48
1775061325691 5.243743073625715 49
1775061325999 6.0984137045907625 50
1775061326339 5.683375436489825 51
1775061326627 6.033362793156461 52
1775061326872 7.037086685095587 53
1775061327136 6.163635347537407 54
1775061327409 6.376341282077989 55
1775061327664 7.8002870093199554 56
1775061327969 7.128794923236893 57
1775061328266 8.275180666075862 58
1775061328543 7.259600902783705 59
1775061328837 7.91190093014459 60
1775061329131 8.031627495536993 61
1775061329408 7.302929220745729 62
1775061329693 8.420040685841998 63
1775061329977 7.0012920017868305 64
1775061330236 8.79934233323611 65
1775061330515 9.130519353002137 66
1775061330770 9.978464791241556 67
1775061331030 7.825911662360784 68
1775061331291 8.547086402793463 69
1775061331598 7.680344958342675 70
1775061331857 9.796462651041304 71
1775061332101 8.448165334056412 72
1775061332367 10.363447918160258 73
1775061332652 8.86112515836365 74
1775061332955 11.096707170221444 75
1775061333269 10.376858463424401 76
1775061333566 10.568060940510948 77
1775061333859 9.191855988707335 78
1775061334152 8.88428958791529 79
1775061334438 10.712557159194034 80
1775061334696 10.787270369322371 81
1775061334952 9.286985209657272 82
1775061335231 10.568714502516922 83
1775061335508 14.78941481084563 84
1775061335759 9.330093898957857 85
1775061335997 9.99334491598378 86
1775061336265 10.152165114912796 87
1775061336512 9.144160138731335 88
1775061336788 8.886329607234002 89
1775061337067 9.571151909637756 90
1775061337356 8.804851435654198 91
1775061337643 11.775206147855094 92
1775061337930 9.398439831208998 93
1775061338208 10.435752304052064 94
1775061338462 7.702502337671224 95
1775061338783 10.017795263947333 96
1775061339049 11.10548693149176 97
1775061339344 13.059318952883265 98
1775061339581 12.81774245965034 99
