1775287230627 2.979704046409798 0
1775287231019 2.5262949076311885 1
1775287231398 2.3476577703287376 2
1775287231793 2.5266720128830404 3
1775287232168 3.202748370619766 4
1775287232556 3.24424993258716 5
1775287232937 3.4092938462486773 6
1775287233316 4.038100541683137 7
1775287233723 4.587066153516489 8
1775287234102 4.5774918293897295 9
1775287234480 5.135227710587678 10
1775287234868 5.234058441012694 11
1775287235257 5.8221053927633575 12
1775287235632 7.105823376641051 13
1775287235988 6.3844556538852855 14
1775287236375 6.404181603710936 15
1775287236766 7.143550952266552 16
1775287237152 7.122295934892145 17
1775287237515 6.569798637993444 18
1775287237921 7.649304675244744 19
1775287238299 7.451212200813345 20
1775287238721 7.45422331604348 21
1775287239099 7.801791547826531 22
1775287239478 8.885706935407926 23
1775287239850 8.43313332489937 24
1775287240227 9.684541340659273 25
1775287240634 8.498287403905378 26
1775287241004 7.826202130207874 27
1775287241364 8.77224898208591 28
1775287241740 9.100514246321401 29
1775287242108 7.596132702465506 30
1775287242516 9.312143034997764 31
1775287242913 8.242194829922768 32
1775287243271 8.637748671581647 33
1775287243687 8.612255148880067 34
1775287244078 8.857007984616562 35
1775287244441 8.175338876349516 36
1775287244794 8.9460111718914 37
1775287245197 8.942036576442662 38
1775287245563 8.807415120892465 39
1775287245949 7.992591714513203 40
1775287246350 8.33388722088224 41
1775287246715 8.478321193877603 42
1775287247104 7.9391683376926165 43
1775287247462 9.080081651763381 44
1775287247844 9.17716932242696 45
1775287248222 9.456540034598168 46
1775287248620 8.784329206786937 47
1775287249015 8.510617572048403 48
1775287249396 8.569692612476256 49
1775287249775 9.34756689732788 50
1775287250199 9.3785268227577 51
1775287250591 7.701954861247041 52
1775287250997 9.220831370961946 53
1775287251373 7.5822608893821375 54
1775287251801 6.196267220808349 55
1775287252182 6.533788861162851 56
1775287252537 7.007212994187355 57
1775287252921 8.25013642523427 58
1775287253332 8.507865232749529 59
1775287253714 6.231569652027196 60
1775287254136 6.2918123052733455 61
1775287254524 7.653270582952478 62
1775287254901 6.717226631097016 63
1775287255278 9.022267329310889 64
1775287255666 8.367997570365167 65
1775287256023 7.741829361811351 66
1775287256400 6.13033930627738 67
1775287256780 7.317136427731715 68
1775287257167 6.170561740668957 69
1775287257532 6.212085362675064 70
1775287257915 5.104428187499512 71
1775287258307 5.67039533312948 72
1775287258694 6.1542999808769085 73
1775287259081 5.153074548003822 74
1775287259466 6.692566869187721 75
1775287259842 5.588790782611018 76
1775287260235 4.405826614787796 77
1775287260614 5.319880362619931 78
1775287260978 5.682799314038129 79
1775287261343 8.645293100563071 80
1775287261696 6.3860154201508905 81
1775287262066 5.9673840744184625 82
1775287262437 7.6810818687677385 83
1775287262824 8.241687388298725 84
1775287263196 8.292031505808225 85
1775287263566 8.201990023750241 86
1775287263940 7.044376710727121 87
1775287264326 5.442435973692755 88
1775287264702 4.485771031029978 89
1775287265084 5.643741543126138 90
1775287265465 5.323021233026179 91
1775287265853 5.312892056939918 92
1775287266233 5.303038014691182 93
1775287266609 5.394078636943161 94
1775287266996 4.339926839565829 95
1775287267386 5.094184313975475 96
1775287267759 4.447339889945887 97
1775287268137 4.141258699969924 98
1775287268500 5.076868568638929 99
1775287268895 4.630208838105131 100
1775287269265 3.941963320880554 101
1775287269642 4.971735243890687 102
1775287270020 6.237446416429247 103
1775287270428 3.8554007340596725 104
1775287270817 3.7383660700906747 105
1775287271199 2.7822146460628874 106
1775287271583 3.638335241367745 107
1775287271964 3.3204920784984453 108
1775287272332 3.9668891752349937 109
1775287272707 3.8467431092506743 110
1775287273066 6.006855068122531 111
1775287273493 5.4872809708505095 112
1775287273879 7.711638031006022 113
1775287274268 7.097675506287061 114
1775287274672 3.8849720431345887 115
1775287275039 5.648359728486866 116
1775287275407 3.4019100930340143 117
1775287275782 3.8812046088948553 118
1775287276188 3.3692748880654912 119
1775287276582 6.785965827469324 120
1775287276956 7.698610015294357 121
1775287277339 6.1416729925842315 122
1775287277719 4.45830060108673 123
1775287278115 3.905933424413262 124
1775287278502 4.224021341456462 125
1775287278882 3.485915970567406 126
1775287279284 3.226204113519521 127
1775287279667 2.7173751656854668 128
1775287280069 2.1519803816042264 129
1775287280459 2.2656180068061755 130
1775287280844 2.0854069185496504 131
1775287281208 2.267786766732014 132
1775287281606 3.245394301722931 133
1775287281953 2.5324008175494783 134
1775287282324 2.525893637573456 135
1775287282692 2.6721524055057935 136
1775287283063 2.7906234881529883 137
1775287283449 3.5429392631924075 138
1775287283828 3.4027166114489336 139
1775287284186 4.431667329626659 140
1775287284570 7.177753412550571 141
1775287284948 7.446154373716043 142
1775287285339 7.944690180029504 143
1775287285737 5.716740516335822 144
1775287286105 3.7758132670150055 145
1775287286495 2.9136259080983344 146
1775287286889 2.2982468474235263 147
1775287287267 3.3900486347413263 148
1775287287645 4.178539075305545 149
