1775287230626 3.478343017173536 0
1775287231018 3.4329232374827066 1
1775287231397 3.418022805994207 2
1775287231792 3.3464217908454663 3
1775287232168 3.26464869036819 4
1775287232555 3.185783812493989 5
1775287232936 3.083413145758889 6
1775287233316 3.0122993353641396 7
1775287233723 2.949021657307943 8
1775287234102 2.8201198072144478 9
1775287234479 2.7588328664953057 10
1775287234867 2.600601167389841 11
1775287235256 2.589637358983358 12
1775287235631 2.555053140177871 13
1775287235987 2.5263807267853706 14
1775287236375 2.435163888064298 15
1775287236766 2.3494240009423457 16
1775287237152 2.3131527756199692 17
1775287237514 2.2846622864405313 18
1775287237921 2.2240742697860254 19
1775287238299 2.189857576832627 20
1775287238721 2.1266169584158696 21
1775287239099 2.059575055584763 22
1775287239478 2.056801915168762 23
1775287239850 2.0008288694150522 24
1775287240226 2.0925237373872236 25
1775287240634 1.8925478386156487 26
1775287241004 1.8405258511051987 27
1775287241363 1.8535468831206814 28
1775287241740 1.8499356761123196 29
1775287242108 1.738774147900668 30
1775287242515 1.7828736738725142 31
1775287242912 1.683744535301671 32
1775287243270 1.65227836189848 33
1775287243686 1.6553770953958684 34
1775287244077 1.5910739067829016 35
1775287244440 1.5836655334992842 36
1775287244794 1.5461884159030337 37
1775287245196 1.5576382189085989 38
1775287245562 1.5279540220896404 39
1775287245948 1.4916768435275916 40
1775287246349 1.4694521138162324 41
1775287246715 1.446498029159777 42
1775287247104 1.4112351988301133 43
1775287247461 1.4272546045707935 44
1775287247843 1.4456049239996709 45
1775287248222 1.4272669553756714 46
1775287248619 1.3996872703234355 47
1775287249014 1.364699864026272 48
1775287249395 1.3481580416361492 49
1775287249774 1.3640722054423708 50
1775287250198 1.3677494616219492 51
1775287250590 1.2964568535486858 52
1775287250997 1.3284690163352273 53
1775287251372 1.2989925182226933 54
1775287251800 1.2457584594235276 55
1775287252182 1.2234615737741643 56
1775287252536 1.2125676509105798 57
1775287252920 1.2826119191718823 58
1775287253332 1.2963268503998264 59
1775287253714 1.1831508892955203 60
1775287254136 1.1849080522855122 61
1775287254524 1.2262017817208262 62
1775287254900 1.1944665276643 63
1775287255278 1.2501049366864292 64
1775287255665 1.2593390183015303 65
1775287256023 1.2481378027887056 66
1775287256399 1.18883442698103 67
1775287256779 1.2343267419121482 68
1775287257166 1.1799187822775408 69
1775287257532 1.1499548337676309 70
1775287257914 1.137738778735652 71
1775287258307 1.1386905673778418 72
1775287258694 1.15072454105724 73
1775287259080 1.1302637999708003 74
1775287259466 1.1426256190646777 75
1775287259841 1.1100325403791484 76
1775287260234 1.085464762918877 77
1775287260614 1.123583694299062 78
1775287260977 1.121257043246067 79
1775287261342 1.1967445575829707 80
1775287261695 1.1533912907947192 81
1775287262065 1.125517411665483 82
1775287262436 1.1687604929461624 83
1775287262823 1.2152280048890547 84
1775287263195 1.190496948632327 85
1775287263565 1.1882551583376797 86
1775287263939 1.147523096113494 87
1775287264326 1.11005314913663 88
1775287264701 1.0837663520466199 89
1775287265084 1.1027974847591284 90
1775287265464 1.0801787448651863 91
1775287265853 1.1053392616185276 92
1775287266232 1.0932980035290574 93
1775287266608 1.0882980064912275 94
1775287266995 1.082650419437524 95
1775287267385 1.0746198133988814 96
1775287267758 1.0557320316632588 97
1775287268136 1.0543799075213345 98
1775287268499 1.0772051883466316 99
1775287268894 1.057578034473188 100
1775287269264 1.0601230317896062 101
1775287269641 1.0742218530539311 102
1775287270019 1.1369240934198552 103
1775287270428 1.062468353546027 104
1775287270816 1.0420607075546726 105
1775287271199 1.028631284381404 106
1775287271583 1.0461028760129756 107
1775287271963 1.0352739962664517 108
1775287272331 1.0601083473725752 109
1775287272706 1.038610740141435 110
1775287273065 1.083949909065709 111
1775287273493 1.0764654423251296 112
1775287273879 1.1302816344029976 113
1775287274268 1.1204437468991135 114
1775287274671 1.0726828665444346 115
1775287275038 1.0874802470207214 116
1775287275406 1.037234203381972 117
1775287275781 1.060859147346381 118
1775287276187 1.0297532695712466 119
1775287276581 1.0852103919693918 120
1775287276955 1.163108431931698 121
1775287277338 1.114924880591306 122
1775287277719 1.0583247777187463 123
1775287278114 1.047783689065413 124
1775287278501 1.0504409472147624 125
1775287278881 1.0466307744835361 126
1775287279283 1.037539511015921 127
1775287279666 1.006644373590296 128
1775287280068 0.9987830302932046 129
1775287280458 1.0021435835144736 130
1775287280843 1.0096148053805034 131
1775287281207 1.0015821384661125 132
1775287281605 1.0116766221595532 133
1775287281952 1.0052302606178052 134
1775287282324 1.0057435776248123 135
1775287282691 1.0137776895002886 136
1775287283062 1.0010066971634373 137
1775287283449 1.0205789298722239 138
1775287283828 1.0076560667066863 139
1775287284185 1.0229728059335188 140
1775287284569 1.1284199230598682 141
1775287284948 1.1395215753353003 142
1775287285338 1.1799049178759258 143
1775287285736 1.0987174763824001 144
1775287286104 1.047386640852148 145
1775287286495 1.0176605744795366 146
1775287286888 1.0039661833734224 147
1775287287267 1.009278902501771 148
1775287287644 1.0257078824621257 149
